67
68
50
17
64
38
39
15
36
41
0
42
22
64
14
64
22
39
83
34
41
4
11
74
36
76
0
99
87
0
11
66
33
21
67
39
81
63
3
99
63
80
12
91
28
61
25
9
30
4
93
34
92
76
38
34
64
59
29
32
76
81
0
33
7
33
47
91
63
43
55
22
47
77
51
34
57
41
63
44
32
23
31
42
30
61
67
81
25
21
21
20
66
83
74
36
75
40
19
41
60
65
43
93
96
39
3
26
72
66
74
12
4
3
50
67
76
54
44
82
41
34
10
21
56
8
67
28
96
55
47
32
98
94
78
64
4
58
48
86
9
87
32
6
93
56
14
64
90
63
44
66
44
44
15
77
5
21
44
25
98
21
86
46
69
41
62
61
74
98
77
70
64
74
52
34
5
70
4
62
45
54
31
52
47
57
6
96
79
18
93
46
80
53
75
6
27
44
68
39
58
72
26
20
62
43
13
57
56
9
84
12
84
9
65
88
17
36
55
71
67
2
50
30
9
77
30
23
20
75
11
5
46
55
32
47
67
24
35
84
67
67
27
16
38
28
77
19
78
32
66
33
47
86
92
69
58
46
64
90
21
74
32
13
83
3
28
60
61
97
5
96
56
38
20
66
21
67
28
34
38
31
24
88
44
79
42
44
55
61
88
26
37
54
81
52
93
36
89
7
81
44
68
57
66
43
12
12
8
24
91
64
58
83
10
2
84
46
74
70
82
63
44
38
25
92
57
62
14
19
75
81
12
60
69
2
21
24
31
46
33
94
32
73
78
77
22
96
62
43
89
40
20
82
51
36
75
73
28
66
91
81
4
44
27
41
29
14
94
83
28
86
24
16
66
57
33
6
52
76
40
83
42
81
81
24
7
49
45
13
1
40
55
57
64
74
49
43
45
47
18
39
69
63
64
23
34
7
85
61
43
6
90
54
2
94
28
84
91
78
47
7
14
20
23
62
16
32
6
20
54
92
49
59
73
29
37
40
28
50
90
69
18
18
33
4
83
59
67
83
66
69
48
41
2
5
61
23
90
58
22
3
53
88
82
8
16
13
33
97
56
50
21
32
27
18
93
60
42
95
70
2
8
42
15
87
15
16
10
82
62
64
5
22
65
6
30
11
60
2
24
60
71
52
16
5
75
64
98
59
55
79
79
57
48
74
0
43
96
16
86
33
49
54
0
11
43
90
27
83
40
75
48
37
91
70
76
23
84
10
86
36
38
21
53
97
91
41
61
32
3
38
55
80
47
3
73
7
45
58
20
27
90
61
50
12
67
49
40
28
80
4
80
86
93
79
23
35
89
18
5
36
10
28
23
16
36
64
22
84
5
6
16
63
10
86
80
14
8
93
65
17
73
42
80
47
49
91
40
48
64
68
75
69
81
52
75
46
30
86
89
26
82
67
19
4
10
26
84
71
38
60
85
68
30
31
17
32
67
76
25
40
12
44
41
54
20
72
26
9
17
94
30
63
54
84
89
49
59
80
41
44
88
72
17
52
43
92
74
84
34
44
2
8
45
56
41
9
70
49
32
86
58
9
82
29
40
6
78
38
98
42
22
70
64
76
50
5
98
40
2
82
17
38
91
38
93
97
99
4
38
90
40
0
22
56
29
64
10
10
89
90
84
36
97
62
67
90
64
67
90
26
66
12
35
45
40
21
4
76
13
92
83
53
91
51
36
61
31
22
32
48
9
66
68
33
60
64
40
27
82
63
35
13
9
30
77
18
75
3
58
5
70
96
32
4
34
88
46
14
7
40
62
44
53
36
70
24
87
76
21
67
29
80
44
82
10
17
22
64
29
75
42
6
91
33
14
59
61
77
36
80
55
54
41
18
56
84
22
62
51
72
36
44
77
3
84
9
84
37
57
84
30
80
61
53
5
49
56
75
84
81
57
41
29
49
37
12
70
99
88
17
53
90
84
41
60
30
31
78
36
62
15
55
67
17
21
44
63
10
88
28
86
68
65
70
71
0
29
40
91
68
56
83
85
90
7
91
94
15
33
57
72
63
72
70
26
9
18
36
48
47
76
76
87
7
35
45
4
16
50
39
37
42
70
25
34
92
61
84
65
9
48
29
50
51
8
18
98
72
20
15
59
33
34
64
70
83
47
65
94
2
33
81
40
87
62
70
96
62
96
96
83
99
26
65
54
67
81
71
90
62
48
7
56
24
9
37
12
6
99
19
68
20
81
86
87
99
81
23
87
23
26
70
53
71
54
89
37
12
84
65
81
72
98
12
12
2
52
7
